00000000010000000000001010010011
00000000111000000000001000010011
00000000010000000010001000100011
00000000010100000010000000100011
00000000010100100100101001100011
00000000010000101100001001100011
00000000010000000010000010000011
00000000000000000010000100000011
00000000000000001100001001101111
00000000000000000010000010000011
00000000010000000010000100000011
01000000001000001000000010110011
01111110000100010100111011100011
00000000001000001000101001100011
00000000000100000000001000110011
00000000001000000000000010110011
00000000010000000000000100110011
11111111111111101000001011101111
00000000001000000010010000100011
00000000010000000010000010000011
00000000000000000010000100000011
00000000000000000000000110110011
00000000001000011000000110110011
11111111111100001000000010010011
01111110000000001001110011100011
00000000100000000010000010000011
00000000000000000000001010110011
01000000000100011000000110110011
00000000000100101000001010010011
01111110000000011001110011100011
00000000010100000010011000100011
